12359000
12587500
11113958
79762
12610229
3028576
12629000
12396796
6064875
31875
6032231
12616500
160
1216
240
1363060
2461536
12002946
628
1856600
12677500
12300
2070
322
283
115
81
12222000
12115000
12015000
7822535
12048000
50666
512300
3250250
12668000
964112
481158
63642
205
336
483
9941120
9133948
13648
12293500
12394500
12423500
192
1006
4277100
444
37225
1536
768
1200
1818
72090
254427
5745341
792
1937
1048
12319500
24508
12501500
12970000
11797500
12766500
49688
250000
6296
4660
1905
290
12231000
12609500
12172816
3460
11909000
3073750
2029960
349783
220262
12001500
171460
87
7244809
2249856
9390345
11280449
12173500
12034500
12744500
12563500
12478500
12131500
12493000
12094000
38
95
51
11653631
69485
1325
12251600
12480500
166
3101750
11406530
731481
94
576
10360
467700
475400
456100
194
437
1452
12564000
12569500
12147500
58975
1076100
10277100
13093500
12351000
106922
7781506
65701
88697
12610000
12341000
12510000
314
40
274
12125500
1963200
4331700
4928
11883000
12266500
2272
5710128
422100
1653
18884
11773500
12702000
12421157
12843000
282880
5245
3756
11818500
12420113
12491982
2101050
10149660
141064
4200
5627
980
11040427
12073312
12847000
5659640
11957456
5884720
166860
380864
1329886
12461000
12456500
11906500
12060202
9535575
3002534
12301894
12478500
12111000
51801
5741240
8861156
306
1301
11226922
9935641
1022094
6290720
113
294
768
747548
1002385
689642
12781000
12634500
12052500
11970000
12619000
12157000
12373000
12695000
12660500
363
775
686
997
153
2
63
1180
5550
11994000
12370000
12322500
12633000
12402500
12718500
2419616
6050992
1399117
642
419
6006
22987
22729
22589
704
491400
12424500
503300
1145250
1913400
371
392
11836587
1938000
1922000
2009600
12377500
504400
4648500
12225206
10325826
5579280
515605
12348000
958643
232832
19475
7374
1130
467
2775
229
506900
12213000
494
11939000
11731500
12680000
12794000
11940620
7329780
9498721
10048952
184074
189847
172958
1045
204
187
90000
70828
12368500
612
425900
12189000
392
121
123900
12308500
242500
12554000
0
1512
27
531500
3154750
11615500
153805
481900
12334172
12723000
12194500
12567500
5270
1087800
12517914
191
121
128
11396888
12351520
103659
164
12723000
12205500
1893657
2360694
2579875
277429
84276
256082
1024
484400
6634000
12199000
12697000
12438000
14660
7042875
12171000
2542
824
1460
217385
158403
3379454
67212
7550000
74376
12510500
12715000
250000
27725
31572
53764
941369
979958
1072293
5340
12361000
11904019
170744
7319592
9367456
12375000
12375000
12375000
12706000
376983
3452460
233772
1226148
516879
45120
12464500
39582
3073
470600
227891
12378500
499000
7231
2135
345
24477
463200
3137750
11695000
471500
3205500
12252000
6168881
6277217
6278875
569100
107600
292275
265
633
1984
2459
425
650
1060752
12806336
70200
29205
83259
7492320
463362
739541
12607737
507000
509400
12187000
392
5687
1305
6441711
6355102
6394661
11495955
1993888
4037320
462
855
120
67085
11727997
2478456
12321000
11753500
12472000
687
1956
204
3218680
222222
4262375
12189000
11822000
12500000
12658500
12442500
12695500
6286926
5867678
5912636
19816
3565979
1441876
1590
17453
19920
12279000
12336500
12191500
9330
933660
1973000
4430571
4042262
4908291
6112
860
8683730
14260
469300
12394500
2259198
6062335
1095200
315
121938
213919
12344500
12139500
12659000
4502700
7541600
12678000
915
503100
12485500
12334314
11289820
8314783
186
522000
12187000
90288
101744
8441704
498700
4273800
10176
8955660
8711640
8612520
11386891
12229000
505983
3110250
530300
10131750
5900
118350
2112400
9249014
9750727
9193188
4692
2576
11529500
2040
416431
14565
497
391
1717
12065000
13092263
248004
5960
536500
127050
508200
11956329
11996586
15209
4090
12570500
12523000
12465000
12324000
12844500
12932000
12358000
12655500
11775500
12152000
70141
71410
68617
121814
89936
9251415
12505000
12230500
12396500
12201500
11727000
12525000
12483000
12383500
12080500
126
995
231
57
5050
514200
12135500
153388
6870527
11100108
11306725
12067161
12546440
11332067
12018439
65727
23207
12278000
5439
7083
9377
5240
26862
527800
12992000
12972500
12987500
2297596
681327
930
12600000
11970500
12099500
79561
269736
81715
12607951
6466601
169940
12558000
12924000
12264000
2904000
7037625
12256500
12147000
291352
12880000
482200
7767600
26600
12259000
12131500
12042500
435
180
106
