12359000 12359000
12587500 12587500
11113958 11910657
79762 79762
12610229 12610229
3028576 3028576
12629000 12629000
12396796 12487500
6064875 6134500
31875 31875
6032231 6140510
12616500 12616500
160 160
1216 1216
240 240
1363060 1363060
2461536 2461536
12002946 12002946
628 656
1856600 1856600
12677500 12677500
12300 12300
2070 2070
322 322
283 283
115 115
81 81
12222000 12222000
12115000 12115000
12015000 12015000
7822535 8880850
12048000 12048000
50666 50687
512300 512300
3250250 3250250
12668000 12668000
964112 1751714
481158 1041538
63642 77892
205 205
336 336
483 483
9941120 9941120
9133948 9133948
13648 13648
12293500 12293500
12394500 12394500
12423500 12423500
192 192
1006 1006
4277100 4277100
444 444
37225 37225
1536 1536
768 768
1200 1200
1818 1818
72090 74100
254427 262177
5745341 6181000
792 792
1937 1937
1048 1048
12319500 12319500
24508 24508
12501500 12501500
12970000 12970000
11797500 11797500
12766500 12766500
49688 113662
250000 250000
6296 6378
4660 4660
1905 1905
290 290
12231000 12231000
12609500 12609500
12172816 12311330
3460 3460
11909000 11909000
3073750 3073750
2029960 2865847
349783 890727
220262 807207
12001500 12001500
171460 451870
87 87
7244809 7244809
2249856 2249856
9390345 9390345
11280449 11741666
12173500 12173500
12034500 12034500
12744500 12744500
12563500 12563500
12478500 12478500
12131500 12131500
12493000 12493000
12094000 12094000
38 38
95 95
51 51
11653631 11750510
69485 74619
1325 1325
12251600 12450100
12480500 12480500
166 166
3101750 3101750
11406530 11406530
731481 731481
94 94
576 576
10360 10920
467700 467700
475400 475400
456100 456100
194 194
437 465
1452 1524
12564000 12564000
12569500 12569500
12147500 12147500
58975 58975
1076100 1076100
10277100 10277100
13093500 13093500
12351000 12351000
106922 147180
7781506 9295325
65701 83333
88697 111607
12610000 12610000
12341000 12341000
12510000 12510000
314 314
40 40
274 274
12125500 12125500
1963200 1963200
4331700 4331700
4928 4928
11883000 11883000
12266500 12266500
2272 2278
5710128 5710128
422100 422100
1653 1653
18884 19122
11773500 11773500
12702000 12702000
12421157 12520443
12843000 12843000
282880 282880
5245 5373
3756 3908
11818500 11818500
12420113 12446500
12491982 12525000
2101050 2101050
10149660 10149660
141064 141064
4200 4200
5627 5952
980 980
11040427 11072725
12073312 12101000
12847000 12847000
5659640 5659640
11957456 11957456
5884720 5884720
166860 166860
380864 380864
1329886 1329886
12461000 12461000
12456500 12456500
11906500 11906500
12060202 12060202
9535575 9535575
3002534 3002534
12301894 12426598
12478500 12478500
12111000 12111000
51801 51801
5741240 5741240
8861156 8861156
306 322
1301 1301
11226922 11226922
9935641 9948670
1022094 1022094
6290720 6702960
113 113
294 294
768 768
747548 1746734
1002385 1435586
689642 1322434
12781000 12781000
12634500 12634500
12052500 12052500
11970000 11970000
12619000 12619000
12157000 12157000
12373000 12373000
12695000 12695000
12660500 12660500
363 363
775 775
686 686
997 997
153 153
2 2
63 63
1180 1366
5550 6866
11994000 11994000
12370000 12370000
12322500 12322500
12633000 12633000
12402500 12402500
12718500 12718500
2419616 4380308
6050992 7133751
1399117 10344934
642 642
419 419
6006 8095
22987 39807
22729 40227
22589 39488
704 704
491400 491400
12424500 12424500
503300 503300
1145250 1145250
1913400 1913400
371 371
392 392
11836587 11884796
1938000 1938000
1922000 1922000
2009600 2009600
12377500 12377500
504400 504400
4648500 4648500
12225206 12225206
10325826 10325826
5579280 5579280
515605 515605
12348000 12348000
958643 965536
232832 232832
19475 19475
7374 8040
1130 1130
467 467
2775 2775
229 229
506900 506900
12213000 12213000
494 494
11939000 11939000
11731500 11731500
12680000 12680000
12794000 12794000
11940620 12055353
7329780 7329780
9498721 9498721
10048952 10048952
184074 562326
189847 563877
172958 530847
1045 1045
204 204
187 187
90000 90000
70828 74022
12368500 12368500
612 612
425900 425900
12189000 12189000
392 392
121 121
123900 123900
12308500 12308500
242500 242500
12554000 12554000
0 0
1512 1512
27 27
531500 531500
3154750 3154750
11615500 11615500
153805 210149
481900 481900
12334172 12409683
12723000 12723000
12194500 12194500
12567500 12567500
5270 5270
1087800 1087800
12517914 12517914
191 191
121 121
128 128
11396888 11944647
12351520 12453536
103659 155630
164 164
12723000 12723000
12205500 12205500
1893657 2121048
2360694 2445601
2579875 2584981
277429 277429
84276 107153
256082 328936
1024 1024
484400 484400
6634000 6634000
12199000 12199000
12697000 12697000
12438000 12438000
14660 14660
7042875 7042875
12171000 12171000
2542 2542
824 824
1460 1460
217385 426366
158403 240813
3379454 4852640
67212 95242
7550000 7550000
74376 108737
12510500 12510500
12715000 12715000
250000 250000
27725 35294
31572 40309
53764 62622
941369 1426957
979958 1277120
1072293 1703792
5340 5340
12361000 12361000
11904019 11970120
170744 170744
7319592 7319592
9367456 9367456
12375000 12375000
12375000 12375000
12375000 12375000
12706000 12706000
376983 8834863
3452460 4210927
233772 233772
1226148 1226148
516879 516879
45120 45120
12464500 12464500
39582 47561
3073 3073
470600 470600
227891 227891
12378500 12378500
499000 499000
7231 9543
2135 2135
345 345
24477 24477
463200 463200
3137750 3137750
11695000 11695000
471500 471500
3205500 3205500
12252000 12252000
6168881 6198765
6277217 6298296
6278875 6396703
569100 569100
107600 107600
292275 292275
265 265
633 633
1984 1984
2459 2459
425 425
650 650
1060752 1060752
12806336 12806336
70200 70200
29205 30492
83259 167310
7492320 9188982
463362 622549
739541 1566820
12607737 12634500
507000 507000
509400 509400
12187000 12187000
392 392
5687 5687
1305 1305
6441711 8155241
6355102 8252120
6394661 8173334
11495955 11495955
1993888 1993888
4037320 4037320
462 462
855 855
120 120
67085 67095
11727997 11751500
2478456 2785988
12321000 12321000
11753500 11753500
12472000 12472000
687 687
1956 1971
204 204
3218680 3218680
222222 222222
4262375 4262375
12189000 12189000
11822000 11822000
12500000 12500000
12658500 12658500
12442500 12442500
12695500 12695500
6286926 7602829
5867678 7220016
5912636 7862249
19816 19816
3565979 4270975
1441876 1848743
1590 1590
17453 17453
19920 19920
12279000 12279000
12336500 12336500
12191500 12191500
9330 9330
933660 933660
1973000 1973000
4430571 6136199
4042262 4944389
4908291 5812908
6112 6112
860 860
8683730 10927840
14260 14260
469300 469300
12394500 12394500
2259198 2259198
6062335 6062335
1095200 1095200
315 315
121938 124140
213919 256616
12344500 12344500
12139500 12139500
12659000 12659000
4502700 4502700
7541600 7541600
12678000 12678000
915 915
503100 503100
12485500 12485500
12334314 12375000
11289820 11352250
8314783 12424500
186 186
522000 522000
12187000 12187000
90288 111810
101744 101744
8441704 8441704
498700 498700
4273800 4273800
10176 10176
8955660 8955660
8711640 8711640
8612520 8612520
11386891 12121363
12229000 12229000
505983 732953
3110250 3110250
530300 530300
10131750 10131750
5900 5900
118350 118350
2112400 2112400
9249014 9544618
9750727 10453936
9193188 10119018
4692 4692
2576 2576
11529500 11529500
2040 2040
416431 416431
14565 14565
497 497
391 391
1717 1719
12065000 12065000
13092263 13092263
248004 248004
5960 5960
536500 536500
127050 127050
508200 508200
11956329 11956329
11996586 11996586
15209 16519
4090 4090
12570500 12570500
12523000 12523000
12465000 12465000
12324000 12324000
12844500 12844500
12932000 12932000
12358000 12358000
12655500 12655500
11775500 11775500
12152000 12152000
70141 72943
71410 74762
68617 71372
121814 121814
89936 89936
9251415 9251415
12505000 12505000
12230500 12230500
12396500 12396500
12201500 12201500
11727000 11727000
12525000 12525000
12483000 12483000
12383500 12383500
12080500 12080500
126 126
995 995
231 231
57 57
5050 5050
514200 514200
12135500 12135500
153388 155878
6870527 6870527
11100108 11568694
11306725 11704146
12067161 12239631
12546440 12546440
11332067 12155666
12018439 12018439
65727 279186
23207 23207
12278000 12278000
5439 5439
7083 7083
9377 9377
5240 5240
26862 26862
527800 527800
12992000 12992000
12972500 12972500
12987500 12987500
2297596 3560639
681327 964448
930 930
12600000 12600000
11970500 11970500
12099500 12099500
79561 315878
269736 7566696
81715 230834
12607951 12701000
6466601 8881048
169940 700128
12558000 12558000
12924000 12924000
12264000 12264000
2904000 2904000
7037625 7037625
12256500 12256500
12147000 12147000
291352 316788
12880000 12880000
482200 482200
7767600 7767600
26600 26600
12259000 12259000
12131500 12131500
12042500 12042500
435 435
180 180
106 106
