12359000
12587500
11910657
79762
12610229
3028576
12629000
12487500
6134500
31875
6140510
12616500
160
1216
240
1363060
2461536
12002946
656
1856600
12677500
12300
2070
322
283
115
81
12222000
12115000
12015000
8880850
12048000
50687
512300
3250250
12668000
1751714
1041538
77892
205
336
483
9941120
9133948
13648
12293500
12394500
12423500
192
1006
4277100
444
37225
1536
768
1200
1818
74100
262177
6181000
792
1913
1048
12319500
24508
12501500
12970000
11797500
12766500
113662
250000
6378
4660
1905
290
12231000
12609500
12311330
3460
11909000
3073750
2865847
890727
807207
12001500
451870
87
7244809
2249856
9390345
11741666
12173500
12034500
12744500
12563500
12478500
12131500
12493000
12094000
38
95
51
11750510
74619
1325
12450100
12480500
166
3101750
11406530
731481
94
576
10920
467700
475400
456100
194
465
1524
12564000
12569500
12147500
58975
1076100
10277100
13093500
12351000
147180
9295325
83333
111607
12610000
12341000
12510000
314
40
274
12125500
1963200
4331700
4928
11883000
12266500
2278
5710128
422100
1653
19122
11773500
12702000
12520443
12843000
282880
5373
3908
11818500
12446500
12525000
2101050
10149660
141064
4200
5952
980
11072725
12101000
12847000
5659640
11957456
5884720
166860
380864
1329886
12461000
12456500
11906500
12060202
9535575
3002534
12426598
12478500
12111000
51801
5741240
8861156
322
1301
11226922
9948670
1013868
6702960
113
294
768
1746734
1435586
1322434
12781000
12634500
12052500
11970000
12619000
12157000
12373000
12695000
12660500
363
775
686
997
153
2
63
1366
6866
11994000
12370000
12322500
12633000
12402500
12718500
4380308
7133751
10344934
642
419
8095
39807
40227
39488
704
491400
12424500
503300
1145250
1913400
371
392
11884796
1938000
1922000
2009600
12377500
504400
4648500
12225206
10325826
5579280
515605
12348000
965536
232832
19475
8040
1130
467
2775
229
506900
12213000
494
11939000
11731500
12680000
12794000
12055353
7329780
9498721
10048952
562326
563877
530847
1045
204
187
90000
74022
12368500
612
425900
12189000
392
121
123900
12308500
242500
12554000
0
1512
27
531500
3154750
11615500
210149
481900
12409683
12723000
12194500
12567500
5270
1087800
12517914
191
121
128
11944647
12453536
155630
164
12723000
12205500
2121048
2445601
2584981
277429
107153
328936
1024
484400
6634000
12199000
12697000
12438000
14660
7042875
12171000
2542
824
1460
426366
240813
4852640
95242
7550000
108737
12510500
12715000
250000
35294
40309
62622
1426957
1277120
1703792
5340
12361000
11970120
170744
7319592
9367456
12375000
12375000
12375000
12706000
8834863
4210927
233772
1226148
516879
45120
12464500
47561
3073
470600
227891
12378500
499000
9543
2135
345
24477
463200
3137750
11695000
471500
3205500
12252000
6198765
6298296
6396703
569100
107600
292275
265
633
1984
2459
425
650
1060752
12806336
70200
30492
167310
9188982
622549
1566820
12634500
507000
509400
12187000
392
5687
1305
8155241
8252120
8173334
11495955
1993888
4037320
444
723
80
67095
11751500
2785988
12321000
11753500
12472000
687
1971
204
3218680
222222
4262375
12189000
11822000
12500000
12658500
12442500
12695500
7602829
7220016
7862249
19069
4270975
1848743
1590
17453
19920
12279000
12336500
12191500
9330
933660
1973000
6136199
4944389
5812908
6112
620
10927840
14260
469300
12394500
2259198
6062335
1095200
315
124140
256616
12344500
12139500
12659000
4502700
7541600
12678000
915
503100
12485500
12375000
11352250
12424500
186
522000
12187000
111810
99471
8165235
498700
4273800
10176
8955660
8711640
8612520
12121363
12229000
732953
3110250
530300
10131750
5900
118350
2112400
9544618
10453936
10119018
4692
2576
11529500
2040
416431
14565
497
391
1719
12065000
13092263
248004
5960
536500
127050
508200
11956329
11996586
16519
4090
12570500
12523000
12465000
12324000
12844500
12932000
12358000
12655500
11775500
12152000
72943
74762
71372
121814
89936
9251415
12505000
12230500
12396500
12201500
11727000
12525000
12483000
12383500
12080500
126
995
231
57
5050
514200
12135500
155878
6713134
11568694
11704146
12239631
12227387
12155666
11485606
279186
18967
12278000
5439
7083
9377
5240
26862
527800
12992000
12972500
12987500
3560639
964448
930
12600000
11970500
12099500
315878
7566696
230834
12701000
8881048
700128
12558000
12924000
12264000
2904000
7037625
12256500
12147000
316788
12880000
482200
7767600
26600
12259000
12131500
12042500
435
180
106
